14
62
26
92
27
73
12
82
41
53
59
10
44
83
97
36
3
9
43
94
67
64
57
38
13
23
83
95
52
2
58
17
15
83
9
41
7
72
23
99
76
33
8
20
67
4
7
69
65
50
14
31
13
71
20
25
93
54
71
97
55
28
13
70
10
73
62
69
44
36
67
20
20
75
91
86
30
97
6
46
46
20
28
58
90
47
82
34
52
5
30
59
32
43
80
94
67
41
14
11
29
80
82
48
6
24
34
88
20
91
33
66
10
61
75
99
59
9
85
63
13
14
21
96
8
100
41
75
92
54
37
20
34
18
68
91
41
53
78
12
43
63
29
5
75
4
55
85
12
39
47
76
53
67
71
60
18
12
34
10
17
22
29
50
39
48
93
31
100
22
95
95
84
23
99
10
26
5
95
89
44
41
64
96
60
35
7
77
98
93
86
14
14
15
16
5
62
60
87
14
81
81
60
17
4
10
26
81
14
20
70
57
13
33
4
72
19
63
48
68
55
34
82
20
100
49
24
13
8
11
78
40
43
37
56
46
98
34
27
12
5
96
20
17
80
24
40
51
38
88
18
92
73
51
11
24
99
87
36
58
49
66
98
91
54
5
89
52
38
15
63
43
62
82
11
93
57
51
43
94
90
61
37
14
11
100
37
62
86
24
19
86
89
68
76
43
73
16
46
62
82
8
4
43
41
67
88
98
17
30
43
58
42
80
71
5
79
59
66
16
82
36
53
23
56
80
17
28
96
62
89
77
69
45
72
61
63
59
58
31
40
53
88
82
32
58
86
62
68
3
29
49
90
81
71
45
12
39
24
7
100
65
36
20
61
7
81
23
17
90
53
56
42
40
89
25
49
26
38
16
28
66
16
70
98
39
66
62
77
90
68
77
6
55
96
66
61
76
88
77
66
92
85
59
31
73
84
31
99
21
98
78
39
13
47
88
51
65
49
80
54
69
56
11
75
3
76
36
79
15
64
96
6
100
6
88
73
89
18
23
62
67
100
52
79
99
91
82
63
92
61
68
12
68
30
86
70
5
73
100
71
37
47
76
88
53
63
60
93
32
34
6
98
34
9
28
84
100
61
98
43
73
17
54
92
46
91
62
50
64
13
20
52
60
47
39
64
9
51
8
92
84
66
41
69
74
20
52
25
81
49
67
5
65
72
97
10
63
58
11
26
22
82
77
33
28
15
96
88
17
56
79
1
21
71
69
94
91
21
19
71
21
37
27
38
9
23
47
71
32
10
96
54
91
24
86
71
90
34
58
7
89
89
7
9
59
27
54
49
47
24
71
20
61
98
57
69
20
55
39
4
64
86
57
7
9
42
77
98
75
86
4
15
74
62
23
85
89
29
85
87
52
56
6
12
5
14
80
76
69
70
79
84
55
35
90
15
29
18
13
55
4
16
70
29
30
44
13
18
72
98
4
24
5
10
35
9
23
67
36
43
88
67
27
95
1
68
9
81
38
21
36
41
89
5
21
18
48
34
87
20
83
90
95
87
51
81
47
26
99
34
68
87
100
46
33
53
14
41
33
3
14
68
43
54
72
15
23
72
48
9
91
82
50
85
20
1
65
66
26
64
52
45
2
51
91
34
3
56
26
36
10
39
55
52
92
79
66
66
50
66
74
92
47
24
28
67
76
44
84
53
59
35
97
60
38
39
45
92
46
71
27
55
9
34
58
53
12
76
18
61
93
44
52
39
19
79
57
94
22
93
46
81
79
94
92
68
33
37
60
30
7
86
85
67
19
94
71
82
69
41
42
61
36
93
52
54
23
60
47
97
4
44
77
35
37
20
2
21
56
61
51
14
99
87
33
69
32
55
51
1
47
92
13
82
37
16
87
11
28
85
7
83
28
35
17
17
55
71
37
62
31
87
28
81
25
12
50
57
18
100
9
65
43
73
98
31
41
85
42
68
69
100
2
97
35
19
13
41
89
1
54
71
40
33
52
64
44
1
72
14
52
80
78
46
53
75
29
93
11
22
12
80
21
13
28
7
83
92
99
71
44
53
42
83
85
45
47
81
45
18
94
48
50
23
45
2
49
73
46
60
94
57
91
15
21
18
73
4
61
72
26
4
76
19
87
60
63
85
92
59
54
85
6
3
7
3
56
56
75
53
67
69
61
57
35
82
26
59
37
86
30
62
41
5
81
79
17
43
63
8
2
69
45
59
23
3
61
31
10
88
83
76
8
96
32
42
77
9
100
65
94
82
26
87
38
6
65
6
1
80
14
54
100
10
64
22
12
77
4
